1 4 4 4 4 4 4 4 4 4 4 4 4 4 4 4 4 4 4 4 4 4 4 4 4 4 4 4 4 4 4 4 4 4 3 2 2 2 2 2
1 0 0 0 0 0 0 0 0 0 0 0 0 0 0 0 0 0 0 0 0 0 0 0 0 0 0 0 0 0 0 0 0 0 3 2 2 2 2 2
1 0 0 0 0 0 0 0 0 0 0 0 0 0 0 0 0 0 0 0 0 0 0 0 0 0 0 0 0 4 0 0 0 0 3 2 2 2 2 2
1 0 0 0 0 0 0 0 0 0 0 0 0 0 0 0 0 0 0 0 0 0 0 0 0 0 0 0 0 5 0 0 0 0 3 2 2 2 2 2
1 0 0 0 0 0 0 0 0 0 0 0 0 0 0 0 0 0 0 0 0 0 0 0 0 0 0 0 0 0 0 0 0 0 3 2 2 2 2 2
1 0 0 0 0 0 0 0 0 0 0 0 0 0 0 0 0 0 0 0 0 0 0 0 0 0 0 0 0 0 0 0 0 0 3 2 2 2 2 2
1 0 0 0 0 0 0 0 0 0 0 0 0 0 0 0 0 0 0 0 0 0 0 0 0 0 0 0 0 0 0 0 0 0 3 2 2 2 2 2
1 0 0 0 0 0 0 0 0 0 0 0 0 0 0 0 0 0 0 0 0 0 0 0 0 0 0 0 0 0 0 0 0 0 3 2 2 2 2 2
1 0 0 0 0 0 0 0 0 0 0 0 0 0 0 0 0 0 0 0 0 0 0 0 0 0 0 0 0 0 0 0 0 0 3 2 2 2 2 2
1 0 0 0 0 0 0 0 0 0 0 0 0 0 0 0 0 0 0 0 0 0 0 0 0 0 0 0 0 4 0 0 0 0 3 2 2 2 2 2
1 0 0 0 0 0 0 0 0 0 0 0 0 0 0 0 0 0 0 0 0 0 0 0 0 0 0 0 0 5 0 0 0 0 3 2 2 2 2 2
1 0 0 0 0 0 0 0 0 0 0 0 0 0 0 0 0 0 0 0 0 0 0 0 0 0 0 0 0 0 0 0 0 0 3 2 2 2 2 2
1 0 0 0 0 0 0 0 0 0 0 0 0 0 0 0 0 0 0 0 0 0 0 0 0 0 0 0 0 4 0 0 0 0 3 2 2 2 2 2
1 0 0 0 0 0 0 0 0 0 0 0 0 0 0 0 0 0 0 0 0 0 0 0 0 0 0 0 0 5 0 0 0 0 3 2 2 2 2 2
1 0 0 0 0 0 0 0 0 0 0 0 0 0 0 0 0 0 0 0 0 0 0 0 0 0 0 0 0 0 0 0 0 0 3 2 2 2 2 2
1 0 0 0 0 0 0 0 0 0 0 0 0 0 0 0 0 0 0 0 0 0 0 0 0 0 0 0 0 0 0 0 0 0 3 2 2 2 2 2
1 0 0 0 0 0 0 0 0 0 0 0 0 0 0 0 0 0 0 0 0 0 0 0 0 0 0 0 0 4 0 0 0 0 3 2 2 2 2 2
1 0 0 0 0 0 0 0 0 0 0 0 0 0 0 0 0 0 0 0 0 0 0 0 0 0 0 0 0 5 0 0 0 0 3 2 2 2 2 2
1 0 0 7 6 6 6 6 6 6 6 6 6 7 0 0 0 0 0 0 0 0 0 0 0 0 0 0 0 4 0 0 0 0 3 2 2 2 2 2
1 0 0 6 6 6 6 6 6 6 6 6 6 6 0 0 0 0 0 0 0 0 0 0 0 0 0 0 0 5 0 0 0 0 3 2 2 2 2 2
1 0 0 6 6 6 6 6 6 6 6 6 6 6 0 0 0 0 0 0 0 0 0 0 0 0 0 0 0 0 0 0 0 0 3 2 2 2 2 2
1 0 0 6 6 6 6 6 6 6 6 6 6 6 0 0 0 0 0 0 0 0 0 0 0 0 0 0 0 0 0 0 0 0 3 2 2 2 2 2
1 0 0 6 6 6 6 6 6 6 6 6 6 6 0 0 0 0 0 0 0 0 0 0 0 0 0 0 0 0 0 0 0 0 3 2 2 2 2 2
1 0 0 6 6 6 6 6 6 6 6 6 6 6 0 0 0 0 0 0 0 0 0 0 0 0 0 0 0 0 0 0 0 0 3 2 2 2 2 2
1 0 0 6 6 6 6 6 6 6 6 6 6 6 0 0 0 0 0 0 0 0 0 0 0 0 0 0 0 0 0 0 0 0 3 2 2 2 2 2
1 0 0 6 6 6 6 6 6 6 6 6 6 6 0 0 0 0 0 0 0 0 0 0 0 0 0 0 0 0 0 0 0 0 3 2 2 2 2 2
1 0 0 7 6 6 6 6 6 6 6 6 6 7 0 0 0 0 0 0 0 0 0 0 0 0 0 0 0 0 0 0 0 0 3 2 2 2 2 2
1 0 0 0 0 0 0 0 0 0 0 0 0 0 0 0 0 0 0 0 0 0 0 0 0 0 0 0 0 0 0 0 0 0 3 2 2 2 2 2
1 0 0 0 0 0 0 0 0 0 0 0 0 0 0 0 0 0 0 0 0 0 0 0 0 0 0 0 0 0 0 0 0 0 3 2 2 2 2 2
1 0 0 0 0 0 0 0 0 0 0 0 0 0 0 0 0 0 0 0 0 0 0 0 0 0 0 0 0 0 0 0 0 0 3 2 2 2 2 2
1 0 0 0 0 0 0 0 0 0 0 0 0 0 0 0 0 0 0 0 0 0 0 0 0 0 0 0 0 4 0 0 0 0 3 2 2 2 2 2
1 0 0 0 0 0 0 0 0 0 0 0 0 0 0 0 0 13 12 12 14 0 0 0 0 0 0 0 0 5 0 0 0 0 3 2 2 2 2 2
1 0 0 0 0 0 0 0 0 0 0 0 0 0 0 0 0 10 9 9 11 0 0 0 0 0 0 0 0 0 0 0 0 0 3 2 2 2 2 2
1 0 0 0 0 0 0 0 0 0 0 0 0 0 0 0 0 10 9 9 11 0 0 0 0 0 0 0 0 4 0 0 0 0 3 2 2 2 2 2
1 0 0 0 0 0 0 0 0 0 0 0 0 0 0 0 0 10 9 9 11 0 0 0 0 0 0 0 0 5 0 0 0 0 3 2 2 2 2 2
1 0 0 0 0 0 0 0 0 0 0 0 0 0 0 0 0 10 9 9 11 0 0 0 0 0 0 0 0 0 0 0 0 0 3 2 2 2 2 2
1 0 0 0 0 0 0 0 0 0 0 0 0 0 0 0 0 10 9 9 11 0 0 0 0 0 0 0 0 0 0 0 0 0 3 2 2 2 2 2
1 0 0 0 0 0 0 0 0 0 0 0 0 0 0 0 0 10 9 9 11 0 0 0 0 0 0 0 0 4 0 0 0 0 3 2 2 2 2 2
1 0 0 0 0 0 0 0 0 0 0 0 0 0 0 0 0 10 9 9 11 0 0 0 0 0 0 0 0 5 0 0 0 0 3 2 2 2 2 2
1 0 0 0 0 0 0 0 0 0 0 0 0 0 0 0 0 10 9 9 11 0 0 0 0 0 0 0 0 0 0 0 0 0 3 2 2 2 2 2
1 0 0 0 0 0 0 0 0 0 0 0 0 0 0 0 0 10 9 9 11 0 0 0 0 0 0 0 0 0 0 0 0 0 3 2 2 2 2 2
1 0 0 0 0 0 0 0 0 0 0 0 0 0 0 0 0 10 9 9 11 0 0 0 0 0 0 0 0 0 0 0 0 0 3 2 2 2 2 2
1 0 0 0 0 0 0 0 0 0 0 0 0 0 0 0 0 10 9 9 11 0 0 0 0 0 0 0 0 4 0 0 0 0 3 2 2 2 2 2
1 0 0 0 0 0 0 0 0 0 0 0 0 0 0 0 0 10 9 9 11 0 0 0 0 0 0 0 0 5 0 0 0 0 3 2 2 2 2 2
1 0 0 0 0 0 0 0 0 0 0 0 0 0 0 0 0 10 9 9 11 0 0 0 0 0 0 0 0 0 0 0 0 0 3 2 2 2 2 2
1 0 0 0 0 0 0 0 0 0 0 0 0 0 0 0 0 10 9 9 11 0 0 0 0 0 0 0 0 4 0 0 0 0 3 2 2 2 2 2
1 0 0 0 0 0 0 0 0 0 0 0 0 0 0 0 0 10 9 9 11 0 0 0 0 0 0 0 0 5 0 0 0 0 3 2 2 2 2 2
1 0 0 0 0 0 0 0 0 0 0 0 0 0 0 0 0 10 9 9 11 0 0 0 0 0 0 0 0 0 0 0 0 0 3 2 2 2 2 2
1 0 0 0 0 0 0 0 0 0 0 0 0 0 0 0 0 10 9 9 11 0 0 0 0 0 0 0 0 0 0 0 0 0 3 2 2 2 2 2
1 0 0 0 0 0 0 0 0 0 0 0 0 0 0 0 0 10 9 9 11 0 0 0 0 0 0 0 0 4 0 0 0 0 3 2 2 2 2 2
1 0 0 0 0 0 0 0 0 0 0 0 0 0 0 0 0 10 9 9 11 0 0 0 0 0 0 0 0 5 0 0 0 0 3 2 2 2 2 2
1 0 0 0 0 0 0 0 0 0 0 0 0 0 0 0 0 10 9 9 11 0 0 0 0 0 0 0 0 0 0 0 0 0 3 2 2 2 2 2
1 0 0 0 0 0 0 0 0 0 0 0 0 0 0 0 0 10 9 9 11 0 0 0 0 0 0 0 0 0 0 0 0 0 3 2 2 2 2 2
1 0 0 0 0 0 0 0 0 0 0 0 0 0 0 0 0 10 9 9 11 0 0 0 0 0 0 0 0 0 0 0 0 0 3 2 2 2 2 2
1 0 0 0 0 0 0 0 0 0 0 0 0 0 0 0 0 10 9 9 11 0 0 0 0 0 0 0 0 0 0 0 0 0 3 2 2 2 2 2
1 0 0 0 0 0 0 0 0 0 0 0 0 0 0 0 0 10 9 9 11 0 0 0 0 0 0 0 0 0 0 0 0 0 3 2 2 2 2 2
1 0 0 0 0 0 0 0 0 0 0 0 0 0 0 0 0 10 9 9 11 0 0 0 0 0 0 0 0 0 0 0 0 0 3 2 2 2 2 2
1 0 0 0 0 0 0 0 0 0 0 0 0 0 0 0 0 10 9 9 11 0 0 0 0 0 0 0 0 0 0 0 0 0 3 2 2 2 2 2
1 0 0 0 0 0 0 0 0 0 0 0 0 0 0 0 0 10 9 9 11 0 0 0 0 0 0 0 0 0 0 0 0 0 3 2 2 2 2 2
1 0 0 0 0 0 0 0 0 0 0 0 0 0 0 0 0 10 9 9 11 0 0 0 0 0 0 0 0 0 0 0 0 0 3 2 2 2 2 2
1 0 0 0 0 0 0 0 0 0 0 0 0 0 0 0 0 10 9 9 11 0 0 0 0 0 0 0 0 0 0 0 0 0 3 2 2 2 2 2
1 0 0 0 0 0 0 0 0 0 0 0 0 0 0 0 0 10 9 9 11 0 0 0 0 0 0 0 0 0 0 0 0 0 3 2 2 2 2 2
1 0 0 0 0 0 0 0 0 0 0 0 0 0 0 0 0 10 9 9 11 0 0 0 0 0 0 0 0 0 0 0 0 0 3 2 2 2 2 2
1 0 0 0 0 0 0 0 0 0 0 0 0 0 0 0 0 10 9 9 11 0 0 0 0 0 0 0 0 0 0 0 0 0 3 2 2 2 2 2
1 0 0 0 0 0 0 0 0 0 0 0 0 0 0 0 0 10 9 9 11 0 0 0 0 0 0 0 0 0 0 0 0 0 3 2 2 2 2 2
1 0 0 0 0 0 0 0 0 0 0 0 0 0 0 0 0 10 9 9 11 0 0 0 0 0 0 0 0 0 0 0 0 0 3 2 2 2 2 2
1 0 0 0 0 0 0 0 0 0 0 0 0 0 0 0 0 10 9 9 11 0 0 0 0 0 0 0 0 0 0 0 0 0 3 2 2 2 2 2
1 0 0 0 0 0 0 0 0 0 0 0 0 0 0 0 0 10 9 9 11 0 0 0 0 0 0 0 0 0 0 0 0 0 3 2 2 2 2 2
1 0 0 0 0 0 0 0 0 0 0 0 0 0 0 0 0 10 9 9 11 0 0 0 0 0 0 0 0 0 0 0 0 0 3 2 2 2 2 2
1 0 0 0 0 0 0 0 0 0 0 0 0 0 0 0 0 10 9 9 11 0 0 0 0 0 0 0 0 0 0 0 0 0 3 2 2 2 2 2
1 0 0 0 0 0 0 0 0 0 0 0 0 0 0 0 0 10 9 9 11 0 0 0 0 0 0 0 0 0 0 0 0 0 3 2 2 2 2 2
1 0 0 0 0 0 0 0 0 0 0 0 0 0 0 0 0 10 9 9 11 0 0 0 0 0 0 0 0 0 0 0 0 0 3 2 2 2 2 2
1 0 0 0 0 0 0 0 0 0 0 0 0 0 0 0 0 10 9 9 11 0 0 0 0 0 0 0 0 0 0 0 0 0 3 2 2 2 2 2
1 0 0 0 0 0 0 0 0 0 0 0 0 0 0 0 0 10 9 9 11 0 0 0 0 0 0 0 0 0 0 0 0 0 3 2 2 2 2 2
2 2 2 2 2 2 2 2 2 2 2 2 2 2 2 2 2 8 8 8 8 2 2 2 2 2 2 2 2 2 2 2 2 2 2 2 2 2 2 2
2 2 2 2 2 2 2 2 2 2 2 2 2 2 2 2 2 8 8 8 8 2 2 2 2 2 2 2 2 2 2 2 2 2 2 2 2 2 2 2
2 2 2 2 2 2 2 2 2 2 2 2 2 2 2 2 2 8 8 8 8 2 2 2 2 2 2 2 2 2 2 2 2 2 2 2 2 2 2 2
2 2 2 2 2 2 2 2 2 2 2 2 2 2 2 2 2 8 8 8 8 2 2 2 2 2 2 2 2 2 2 2 2 2 2 2 2 2 2 2
2 2 2 2 2 2 2 2 2 2 2 2 2 2 2 2 2 8 8 8 8 2 2 2 2 2 2 2 2 2 2 2 2 2 2 2 2 2 2 2
2 2 2 2 2 2 2 2 2 2 2 2 2 2 2 2 2 8 8 8 8 2 2 2 2 2 2 2 2 2 2 2 2 2 2 2 2 2 2 2
